1350874370.088 19.094 198
1350874379.550 9.461 198
1350874383.966 4.415 198
1350874392.802 8.837 198
1350874397.983 5.180 198
1350874406.131 8.148 198
1350874411.888 5.756 198
1350874419.549 7.660 198
1350874425.832 6.283 198
1350874433.388 7.556 198
1350874447.567 14.178 198
1350874450.994 3.427 198
1350874461.489 10.495 198
1350874464.957 3.467 198
1350874475.589 10.632 198
1350874479.021 3.432 198
1350874489.586 10.565 198
1350874493.032 3.445 198
1350874511.884 18.852 198
1350874515.355 3.470 198
1350874525.857 10.502 198
1350874529.274 3.417 198
1350874539.863 10.589 198
1350874543.300 3.436 198
1350874553.821 10.521 198
1350874557.243 3.422 198
1350874669.92	9.38	198
1350874674.51	4.59	198
1350874683.25	8.73	198
1350874688.44	5.19	198
1350874696.54	8.11	198
1350874702.28	5.74	198
1350874722.16	19.88	198
1350874731.70	9.54	198
1350874736.10	4.40	198
1350874744.89	8.79	198
1350874750.10	5.21	198
1350874758.16	8.06	198
1350874764.00	5.84	198
1350876482.77	9.37	198
1350876487.29	4.52	198
1350876754.21	9.28	198
1350876758.90	4.69	198
1350876767.55	8.65	198
1350876772.96	5.40	198
1350876780.82	7.87	198
1350876786.88	6.05	198
1350876794.23	7.35	198
1350876800.88	6.65	198
1350876807.50	6.63	198
1350876814.88	7.37	198
1350876821.42	6.54	198
1350876832.94	11.52	198
1350876839.99	7.05	198
1350877075.74	9.47	198
1350877080.29	4.55	198
1350877089.01	8.72	198
1350877094.26	5.25	198
1350877102.33	8.08	198
1350877108.14	5.81	198
