1350874370.088 19.094 135
1350874379.550 9.461 135
1350874383.966 4.415 135
1350874392.802 8.837 135
1350874397.983 5.180 135
1350874406.131 8.148 135
1350874411.888 5.756 135
1350874419.549 7.660 135
1350874425.832 6.283 135
1350874433.388 7.556 135
1350874447.567 14.178 134
1350874450.994 3.427 134
1350874461.489 10.495 134
1350874464.957 3.467 134
1350874475.589 10.632 134
1350874479.021 3.432 134
1350874489.586 10.565 134
1350874493.032 3.445 134
1350874511.884 18.852 135
1350874515.355 3.470 135
1350874525.857 10.502 135
1350874529.274 3.417 135
1350874539.863 10.589 135
1350874543.300 3.436 135
1350874553.821 10.521 135
1350874557.243 3.422 135
1350874669.92	9.38	134
1350874674.51	4.59	134
1350874683.25	8.73	134
1350874688.44	5.19	134
1350874696.54	8.11	134
1350874702.28	5.74	134
1350874722.16	19.88	134
1350874731.70	9.54	134
1350874736.10	4.40	134
1350874744.89	8.79	134
1350874750.10	5.21	134
1350874758.16	8.06	134
1350874764.00	5.84	134
1350875208.38	15.77	134
1350875217.80	9.42	134
1350875222.33	4.52	134
1350875231.16	8.83	134
1350875236.18	5.02	134
1350875244.44	8.26	134
1350875250.22	5.78	134
1350875270.09	19.87	134
1350875279.58	9.49	134
1350875284.04	4.46	134
1350875292.90	8.86	134
1350875297.91	5.01	134
1350875306.26	8.35	134
1350875311.86	5.60	134
1350875331.88	20.02	135
1350875337.12	5.24	135
1350875345.72	8.60	135
1350875350.47	4.76	135
1350875359.77	9.30	135
1350875363.70	3.92	135
1350875373.69	9.99	135
1350875377.10	3.42	135
1350876482.77	9.37	134
1350876487.29	4.52	134
1350876754.21	9.28	134
1350876758.90	4.69	134
1350876767.55	8.65	134
1350876772.96	5.40	134
1350876780.82	7.87	134
1350876786.88	6.05	134
1350876794.23	7.35	134
1350876800.88	6.65	134
1350876807.50	6.63	134
1350876814.88	7.37	134
1350876821.42	6.54	134
1350876832.94	11.52	134
1350876839.99	7.05	134
1350877075.74	9.47	134
1350877080.29	4.55	134
1350877089.01	8.72	134
1350877094.26	5.25	134
1350877102.33	8.08	134
1350877108.14	5.81	134
