1350874370.088 19.094 195
1350874379.550 9.461 195
1350874383.966 4.415 195
1350874392.802 8.837 195
1350874397.983 5.180 195
1350874406.131 8.148 195
1350874411.888 5.756 195
1350874419.549 7.660 195
1350874425.832 6.283 195
1350874433.388 7.556 195
1350874447.567 14.178 196
1350874450.994 3.427 196
1350874461.489 10.495 196
1350874464.957 3.467 196
1350874475.589 10.632 196
1350874479.021 3.432 196
1350874489.586 10.565 196
1350874493.032 3.445 196
1350874511.884 18.852 196
1350874515.355 3.470 196
1350874525.857 10.502 196
1350874529.274 3.417 196
1350874539.863 10.589 196
1350874543.300 3.436 196
1350874553.821 10.521 196
1350874557.243 3.422 196
1350874669.92	9.38	196
1350874674.51	4.59	196
1350874683.25	8.73	196
1350874688.44	5.19	196
1350874696.54	8.11	196
1350874702.28	5.74	196
1350874722.16	19.88	196
1350874731.70	9.54	196
1350874736.10	4.40	196
1350874744.89	8.79	196
1350874750.10	5.21	196
1350874758.16	8.06	196
1350874764.00	5.84	196
1350876482.77	9.37	195
1350876487.29	4.52	195
1350876754.21	9.28	196
1350876758.90	4.69	196
1350876767.55	8.65	196
1350876772.96	5.40	196
1350876780.82	7.87	196
1350876786.88	6.05	196
1350876794.23	7.35	196
1350876800.88	6.65	196
1350876807.50	6.63	196
1350876814.88	7.37	196
1350876821.42	6.54	196
1350876832.94	11.52	196
1350876839.99	7.05	196
1350877075.74	9.47	196
1350877080.29	4.55	196
1350877089.01	8.72	196
1350877094.26	5.25	196
1350877102.33	8.08	196
1350877108.14	5.81	196
